v2.0 raw
60 2000 8060 8009 8009 60 2000 60
2000 60 2000 60 2000 60 2000 60
60 2000 800a 800a 800a 60 2000 60
2000 60 2000 60 2000 60 2000 60
60 2000 209 60 2000 60 2000 60
2000 60 2000 60 2000 60 2000 60
60 2000 309 60 2000 60 2000 60
2000 60 2000 60 2000 60 2000 60
60 2000 5 60 2000 60 2000 60
2000 60 2000 60 2000 60 2000 60
60 2000 60 2000 60 2000 60 2000
60 2000 60 2000 60 2000 60 2000
2000 60 2000 60 2000 60 2000 60
2000 60 2000 60 2000 60 2000 60
2000 60 2000 60 2000 60 2000 60
2000 60 2000 60 2000 60 2000 60
2000 60 2000 60 2000 60 2000 60
2000 60 2000 60 2000 60 2000 60
2000 60 2000 60 2000 60 2000 60
2000 60 2000 60 2000 60 2000 60
2000 60 2000 60 2000 60 2000 60
2000 60 2000 60 2000 60 2000 60
2000 60 2000 60 2000 60 2000 60
2000 60 2000 60 2000 60 2000 60
2000 60 2000 60 2000 60 2000 60
2000 60 2000 60 2000 60 2000 60
2000 60 2000 60 2000 60 2000 60
2000 60 2000 60 2000 60 2000 60
2000 60 2000 60 2000 60 2000 60
2000 60 2000 60 2000 60 2000 60
2000 60 2000 60 2000 60 2000 60
2000 60 2000 60 2000 60 2000 60
